370
320
870
750
940
890
940
940
540
770
960
900
870
630
790
850
850
660
580
940
780
300
860
780
820
810
610
870
900
860
830
960
910
890
710
880
720
840
930
240
550
970
0
850
940
640
860
880
960
910
970
840
730
620
760
940
470
650
770
890
870
320
830
930
480
590
910
480
930
930
930
640
790
640
750
790
840
780
410
540
550
940
830
970
960
840
730
670
410
810
820
970
920
930
940
310
320
940
390
950
640
890
950
820
490
420
450
770
920
840
520
430
770
520
980
810
940
790
740
970
910
890
920
960
910
250
370
770
850
720
820
630
490
960
930
970
960
680
950
920
890
630
950
260
960
980
580
860
800
910
290
960
540
940
70
750
870
890
960
730
960
970
910
840
780
260
940
560
720
970
80
680
920
930
930
910
790
810
540
910
620
870
980
160
950
970
660
730
960
890
800
970
740
960
540
680
760
870
970
950
710
770
880
830
960
880
110
360
870
960
860
720
920
870
950
630
240
970
960
990
980
960
570
800
890
810
110
890
980
870
860
720
870
820
860
720
970
950
950
770
840
720
680
830
690
880
620
860
830
980
760
880
920
980
900
920
800
900
800
930
950
930
800
600
700
190
800
630
920
980
800
950
550
550
800
850
710
710
780
380
960
900
900
720
500
790
960
830
720
910
960
730
780
960
910
630
920
600
970
160